[1, 1]
62.264150943396224
[1, 2]
75.47169811320755
[1, 3]
64.15094339622641
[1, 4]
62.264150943396224
[1, 5]
66.0377358490566
[1, 6]
88.67924528301887
[1, 7]
88.67924528301887
[1, 8]
79.24528301886792
[1, 9]
77.35849056603774
[1, 10]
75.47169811320755
[1, 11]
84.90566037735849
[1, 12]
88.67924528301887
[1, 13]
77.35849056603774
[2, 1]
75.47169811320755
[2, 2]
47.16981132075472
[2, 3]
67.9245283018868
[2, 4]
64.15094339622641
[2, 5]
71.69811320754717
[2, 6]
73.58490566037736
[2, 7]
73.58490566037736
[2, 8]
47.16981132075472
[2, 9]
66.0377358490566
[2, 10]
79.24528301886792
[2, 11]
77.35849056603774
[2, 12]
67.9245283018868
[2, 13]
81.13207547169812
[3, 1]
64.15094339622641
[3, 2]
67.9245283018868
[3, 3]
33.9622641509434
[3, 4]
64.15094339622641
[3, 5]
50.943396226415096
[3, 6]
64.15094339622641
[3, 7]
69.81132075471697
[3, 8]
52.83018867924528
[3, 9]
54.71698113207547
[3, 10]
66.0377358490566
[3, 11]
67.9245283018868
[3, 12]
67.9245283018868
[3, 13]
67.9245283018868
[4, 1]
62.264150943396224
[4, 2]
64.15094339622641
[4, 3]
64.15094339622641
[4, 4]
45.28301886792453
[4, 5]
66.0377358490566
[4, 6]
56.60377358490566
[4, 7]
73.58490566037736
[4, 8]
54.71698113207547
[4, 9]
58.490566037735846
[4, 10]
62.264150943396224
[4, 11]
52.83018867924528
[4, 12]
67.9245283018868
[4, 13]
73.58490566037736
[5, 1]
66.0377358490566
[5, 2]
71.69811320754717
[5, 3]
50.943396226415096
[5, 4]
66.0377358490566
[5, 5]
58.490566037735846
[5, 6]
69.81132075471697
[5, 7]
84.90566037735849
[5, 8]
67.9245283018868
[5, 9]
66.0377358490566
[5, 10]
71.69811320754717
[5, 11]
60.37735849056604
[5, 12]
71.69811320754717
[5, 13]
71.69811320754717
[6, 1]
88.67924528301887
[6, 2]
73.58490566037736
[6, 3]
64.15094339622641
[6, 4]
56.60377358490566
[6, 5]
69.81132075471697
[6, 6]
54.71698113207547
[6, 7]
71.69811320754717
[6, 8]
52.83018867924528
[6, 9]
58.490566037735846
[6, 10]
81.13207547169812
[6, 11]
71.69811320754717
[6, 12]
52.83018867924528
[6, 13]
75.47169811320755
[7, 1]
88.67924528301887
[7, 2]
73.58490566037736
[7, 3]
69.81132075471697
[7, 4]
73.58490566037736
[7, 5]
84.90566037735849
[7, 6]
71.69811320754717
[7, 7]
67.9245283018868
[7, 8]
77.35849056603774
[7, 9]
81.13207547169812
[7, 10]
90.56603773584906
[7, 11]
88.67924528301887
[7, 12]
75.47169811320755
[7, 13]
73.58490566037736
[8, 1]
79.24528301886792
[8, 2]
47.16981132075472
[8, 3]
52.83018867924528
[8, 4]
54.71698113207547
[8, 5]
67.9245283018868
[8, 6]
52.83018867924528
[8, 7]
77.35849056603774
[8, 8]
45.28301886792453
[8, 9]
52.83018867924528
[8, 10]
64.15094339622641
[8, 11]
69.81132075471697
[8, 12]
62.264150943396224
[8, 13]
73.58490566037736
[9, 1]
77.35849056603774
[9, 2]
66.0377358490566
[9, 3]
54.71698113207547
[9, 4]
58.490566037735846
[9, 5]
66.0377358490566
[9, 6]
58.490566037735846
[9, 7]
81.13207547169812
[9, 8]
52.83018867924528
[9, 9]
49.056603773584904
[9, 10]
75.47169811320755
[9, 11]
67.9245283018868
[9, 12]
64.15094339622641
[9, 13]
71.69811320754717
[10, 1]
75.47169811320755
[10, 2]
79.24528301886792
[10, 3]
66.0377358490566
[10, 4]
62.264150943396224
[10, 5]
71.69811320754717
[10, 6]
81.13207547169812
[10, 7]
90.56603773584906
[10, 8]
64.15094339622641
[10, 9]
75.47169811320755
[10, 10]
64.15094339622641
[10, 11]
67.9245283018868
[10, 12]
79.24528301886792
[10, 13]
75.47169811320755
[11, 1]
84.90566037735849
[11, 2]
77.35849056603774
[11, 3]
67.9245283018868
[11, 4]
52.83018867924528
[11, 5]
60.37735849056604
[11, 6]
71.69811320754717
[11, 7]
88.67924528301887
[11, 8]
69.81132075471697
[11, 9]
67.9245283018868
[11, 10]
67.9245283018868
[11, 11]
62.264150943396224
[11, 12]
67.9245283018868
[11, 13]
79.24528301886792
[12, 1]
88.67924528301887
[12, 2]
67.9245283018868
[12, 3]
67.9245283018868
[12, 4]
67.9245283018868
[12, 5]
71.69811320754717
[12, 6]
52.83018867924528
[12, 7]
75.47169811320755
[12, 8]
62.264150943396224
[12, 9]
64.15094339622641
[12, 10]
79.24528301886792
[12, 11]
67.9245283018868
[12, 12]
54.71698113207547
[12, 13]
73.58490566037736
[13, 1]
77.35849056603774
[13, 2]
81.13207547169812
[13, 3]
67.9245283018868
[13, 4]
73.58490566037736
[13, 5]
71.69811320754717
[13, 6]
75.47169811320755
[13, 7]
73.58490566037736
[13, 8]
73.58490566037736
[13, 9]
71.69811320754717
[13, 10]
75.47169811320755
[13, 11]
79.24528301886792
[13, 12]
73.58490566037736
[13, 13]
75.47169811320755
